"0","lines(x, y1)"
